proveToRv 
proveToRv Token {{map[] map[]} 0xc0000e40d0 []}
encodeStruct call rv {Signature1 {{map[1:[56 34]]}} {[]} {map[10:[140 159 223 55 53 59 88 138 164 44 26 178 127 242 253 123] 256:[1 8 48 7 254 137 100 251 226 156 198 53 101 144 202 251 191]]}}
fieldOrder calling collectFieldWeights
CollectFieldWeights for index 0 field {Context  string  0 [0] false} rv {Signature1 {{map[1:[56 34]]}} {[]} {map[10:[140 159 223 55 53 59 88 138 164 44 26 178 127 242 253 123] 256:[1 8 48 7 254 137 100 251 226 156 198 53 101 144 202 251 191]]}}
collectFieldWeights calling flatN {Signature1 {{map[1:[56 34]]}} {[]} {map[10:[140 159 223 55 53 59 88 138 164 44 26 178 127 242 253 123] 256:[1 8 48 7 254 137 100 251 226 156 198 53 101 144 202 251 191]]}}
CollectFieldWeights for index 1 field {BodyProtected  cbor.Bstr[github.com/fido-device-onboard/go-fdo/cbor.OmitEmpty[github.com/fido-device-onboard/go-fdo/cose.rawHeaderMap]]  16 [1] false} rv {Signature1 {{map[1:[56 34]]}} {[]} {map[10:[140 159 223 55 53 59 88 138 164 44 26 178 127 242 253 123] 256:[1 8 48 7 254 137 100 251 226 156 198 53 101 144 202 251 191]]}}
collectFieldWeights calling flatN {Signature1 {{map[1:[56 34]]}} {[]} {map[10:[140 159 223 55 53 59 88 138 164 44 26 178 127 242 253 123] 256:[1 8 48 7 254 137 100 251 226 156 198 53 101 144 202 251 191]]}}
CollectFieldWeights for index 2 field {ExternalAad  cbor.ByteWrap[[]uint8]  24 [2] false} rv {Signature1 {{map[1:[56 34]]}} {[]} {map[10:[140 159 223 55 53 59 88 138 164 44 26 178 127 242 253 123] 256:[1 8 48 7 254 137 100 251 226 156 198 53 101 144 202 251 191]]}}
collectFieldWeights calling flatN {Signature1 {{map[1:[56 34]]}} {[]} {map[10:[140 159 223 55 53 59 88 138 164 44 26 178 127 242 253 123] 256:[1 8 48 7 254 137 100 251 226 156 198 53 101 144 202 251 191]]}}
CollectFieldWeights for index 3 field {Payload  cbor.ByteWrap[github.com/fido-device-onboard/go-fdo.eatoken]  48 [3] false} rv {Signature1 {{map[1:[56 34]]}} {[]} {map[10:[140 159 223 55 53 59 88 138 164 44 26 178 127 242 253 123] 256:[1 8 48 7 254 137 100 251 226 156 198 53 101 144 202 251 191]]}}
collectFieldWeights calling flatN {Signature1 {{map[1:[56 34]]}} {[]} {map[10:[140 159 223 55 53 59 88 138 164 44 26 178 127 242 253 123] 256:[1 8 48 7 254 137 100 251 226 156 198 53 101 144 202 251 191]]}}
[End fieldOrder]
encodeStruct INDEX ALL  call flatN i 0 idx [0] Field {Context  string  0 [0] false} rv {Signature1 {{map[1:[56 34]]}} {[]} {map[10:[140 159 223 55 53 59 88 138 164 44 26 178 127 242 253 123] 256:[1 8 48 7 254 137 100 251 226 156 198 53 101 144 202 251 191]]}}
encodeStruct INDEX THIS call flatN i 0 idx [0] Field {Context  string  0 [0] false} rv Signature1
encodeStruct INDEX ALL  call flatN i 1 idx [1] Field {BodyProtected  cbor.Bstr[github.com/fido-device-onboard/go-fdo/cbor.OmitEmpty[github.com/fido-device-onboard/go-fdo/cose.rawHeaderMap]]  16 [1] false} rv {Signature1 {{map[1:[56 34]]}} {[]} {map[10:[140 159 223 55 53 59 88 138 164 44 26 178 127 242 253 123] 256:[1 8 48 7 254 137 100 251 226 156 198 53 101 144 202 251 191]]}}
encodeStruct INDEX THIS call flatN i 1 idx [1] Field {BodyProtected  cbor.Bstr[github.com/fido-device-onboard/go-fdo/cbor.OmitEmpty[github.com/fido-device-onboard/go-fdo/cose.rawHeaderMap]]  16 [1] false} rv {{map[1:[56 34]]}}
encodeStruct INDEX ALL  call flatN i 2 idx [2] Field {ExternalAad  cbor.ByteWrap[[]uint8]  24 [2] false} rv {Signature1 {{map[1:[56 34]]}} {[]} {map[10:[140 159 223 55 53 59 88 138 164 44 26 178 127 242 253 123] 256:[1 8 48 7 254 137 100 251 226 156 198 53 101 144 202 251 191]]}}
encodeStruct INDEX THIS call flatN i 2 idx [2] Field {ExternalAad  cbor.ByteWrap[[]uint8]  24 [2] false} rv {[]}
encodeStruct INDEX ALL  call flatN i 3 idx [3] Field {Payload  cbor.ByteWrap[github.com/fido-device-onboard/go-fdo.eatoken]  48 [3] false} rv {Signature1 {{map[1:[56 34]]}} {[]} {map[10:[140 159 223 55 53 59 88 138 164 44 26 178 127 242 253 123] 256:[1 8 48 7 254 137 100 251 226 156 198 53 101 144 202 251 191]]}}
encodeStruct INDEX THIS call flatN i 3 idx [3] Field {Payload  cbor.ByteWrap[github.com/fido-device-onboard/go-fdo.eatoken]  48 [3] false} rv {map[10:[140 159 223 55 53 59 88 138 164 44 26 178 127 242 253 123] 256:[1 8 48 7 254 137 100 251 226 156 198 53 101 144 202 251 191]]}
proveToRv WE DONT GET HERE TokenTag &{{{map[1:-35] map[]} 0xc0000e40d0 [88 13 187 185 46 42 201 54 35 237 102 135 39 191 253 139 171 42 32 241 217 53 161 40 75 210 69 165 104 47 134 247 85 63 96 130 117 243 27 149 45 199 222 22 233 254 182 167 249 210 16 76 39 207 126 154 54 226 211 5 114 214 85 117 91 78 184 102 223 98 119 190 30 6 95 119 33 56 60 157 254 51 188 79 82 115 32 177 234 133 181 164 29 189 167 162]}}
encodeStruct call rv {{map[1:-35] map[]} 0xc0000e40d0 [88 13 187 185 46 42 201 54 35 237 102 135 39 191 253 139 171 42 32 241 217 53 161 40 75 210 69 165 104 47 134 247 85 63 96 130 117 243 27 149 45 199 222 22 233 254 182 167 249 210 16 76 39 207 126 154 54 226 211 5 114 214 85 117 91 78 184 102 223 98 119 190 30 6 95 119 33 56 60 157 254 51 188 79 82 115 32 177 234 133 181 164 29 189 167 162]}
fieldOrder calling collectFieldWeights
CollectFieldWeights for index 0 field {Header  cose.Header cbor:",flat2" 0 [0] true} rv {{map[1:-35] map[]} 0xc0000e40d0 [88 13 187 185 46 42 201 54 35 237 102 135 39 191 253 139 171 42 32 241 217 53 161 40 75 210 69 165 104 47 134 247 85 63 96 130 117 243 27 149 45 199 222 22 233 254 182 167 249 210 16 76 39 207 126 154 54 226 211 5 114 214 85 117 91 78 184 102 223 98 119 190 30 6 95 119 33 56 60 157 254 51 188 79 82 115 32 177 234 133 181 164 29 189 167 162]}
collectFieldWeights calling flatN {{map[1:-35] map[]} 0xc0000e40d0 [88 13 187 185 46 42 201 54 35 237 102 135 39 191 253 139 171 42 32 241 217 53 161 40 75 210 69 165 104 47 134 247 85 63 96 130 117 243 27 149 45 199 222 22 233 254 182 167 249 210 16 76 39 207 126 154 54 226 211 5 114 214 85 117 91 78 184 102 223 98 119 190 30 6 95 119 33 56 60 157 254 51 188 79 82 115 32 177 234 133 181 164 29 189 167 162]}
CollectFieldWeights for index 1 field {Payload  *cbor.ByteWrap[github.com/fido-device-onboard/go-fdo.eatoken]  16 [1] false} rv {{map[1:-35] map[]} 0xc0000e40d0 [88 13 187 185 46 42 201 54 35 237 102 135 39 191 253 139 171 42 32 241 217 53 161 40 75 210 69 165 104 47 134 247 85 63 96 130 117 243 27 149 45 199 222 22 233 254 182 167 249 210 16 76 39 207 126 154 54 226 211 5 114 214 85 117 91 78 184 102 223 98 119 190 30 6 95 119 33 56 60 157 254 51 188 79 82 115 32 177 234 133 181 164 29 189 167 162]}
collectFieldWeights calling flatN {{map[1:-35] map[]} 0xc0000e40d0 [88 13 187 185 46 42 201 54 35 237 102 135 39 191 253 139 171 42 32 241 217 53 161 40 75 210 69 165 104 47 134 247 85 63 96 130 117 243 27 149 45 199 222 22 233 254 182 167 249 210 16 76 39 207 126 154 54 226 211 5 114 214 85 117 91 78 184 102 223 98 119 190 30 6 95 119 33 56 60 157 254 51 188 79 82 115 32 177 234 133 181 164 29 189 167 162]}
CollectFieldWeights for index 2 field {Signature  []uint8  24 [2] false} rv {{map[1:-35] map[]} 0xc0000e40d0 [88 13 187 185 46 42 201 54 35 237 102 135 39 191 253 139 171 42 32 241 217 53 161 40 75 210 69 165 104 47 134 247 85 63 96 130 117 243 27 149 45 199 222 22 233 254 182 167 249 210 16 76 39 207 126 154 54 226 211 5 114 214 85 117 91 78 184 102 223 98 119 190 30 6 95 119 33 56 60 157 254 51 188 79 82 115 32 177 234 133 181 164 29 189 167 162]}
collectFieldWeights calling flatN {{map[1:-35] map[]} 0xc0000e40d0 [88 13 187 185 46 42 201 54 35 237 102 135 39 191 253 139 171 42 32 241 217 53 161 40 75 210 69 165 104 47 134 247 85 63 96 130 117 243 27 149 45 199 222 22 233 254 182 167 249 210 16 76 39 207 126 154 54 226 211 5 114 214 85 117 91 78 184 102 223 98 119 190 30 6 95 119 33 56 60 157 254 51 188 79 82 115 32 177 234 133 181 164 29 189 167 162]}
[End fieldOrder]


encodeStruct INDEX ALL  call flatN i 0 idx [0] Field {Header  cose.Header cbor:",flat2" 0 [0] true} rv {{map[1:-35] map[]} 0xc0000e40d0 [88 13 187 185 46 42 201 54 35 237 102 135 39 191 253 139 171 42 32 241 217 53 161 40 75 210 69 165 104 47 134 247 85 63 96 130 117 243 27 149 45 199 222 22 233 254 182 167 249 210 16 76 39 207 126 154 54 226 211 5 114 214 85 117 91 78 184 102 223 98 119 190 30 6 95 119 33 56 60 157 254 51 188 79 82 115 32 177 234 133 181 164 29 189 167 162]}
encodeStruct INDEX THIS call flatN i 0 idx [0] Field {Header  cose.Header cbor:",flat2" 0 [0] true} rv {map[1:-35] map[]}
encodeStruct INDEX ALL  call flatN i 2 idx [1] Field {Payload  *cbor.ByteWrap[github.com/fido-device-onboard/go-fdo.eatoken]  16 [1] false} rv {{map[1:-35] map[]} 0xc0000e40d0 [88 13 187 185 46 42 201 54 35 237 102 135 39 191 253 139 171 42 32 241 217 53 161 40 75 210 69 165 104 47 134 247 85 63 96 130 117 243 27 149 45 199 222 22 233 254 182 167 249 210 16 76 39 207 126 154 54 226 211 5 114 214 85 117 91 78 184 102 223 98 119 190 30 6 95 119 33 56 60 157 254 51 188 79 82 115 32 177 234 133 181 164 29 189 167 162]}
encodeStruct INDEX THIS call flatN i 2 idx [1] Field {Payload  *cbor.ByteWrap[github.com/fido-device-onboard/go-fdo.eatoken]  16 [1] false} rv [88 13 187 185 46 42 201 54 35 237 102 135 39 191 253 139 171 42 32 241 217 53 161 40 75 210 69 165 104 47 134 247 85 63 96 130 117 243 27 149 45 199 222 22 233 254 182 167 249 210 16 76 39 207 126 154 54 226 211 5 114 214 85 117 91 78 184 102 223 98 119 190 30 6 95 119 33 56 60 157 254 51 188 79 82 115 32 177 234 133 181 164 29 189 167 162]
encodeStruct INDEX ALL  call flatN i 3 idx [2] Field {Signature  []uint8  24 [2] false} rv {{map[1:-35] map[]} 0xc0000e40d0 [88 13 187 185 46 42 201 54 35 237 102 135 39 191 253 139 171 42 32 241 217 53 161 40 75 210 69 165 104 47 134 247 85 63 96 130 117 243 27 149 45 199 222 22 233 254 182 167 249 210 16 76 39 207 126 154 54 226 211 5 114 214 85 117 91 78 184 102 223 98 119 190 30 6 95 119 33 56 60 157 254 51 188 79 82 115 32 177 234 133 181 164 29 189 167 162]}
